#Attacker Spawn
x_{1} = .455,.455,.485,.485,.535,.535,.590,.590
y_{1} = .106,.279,.279,.285,.285,.263,.263,.106
#A Drop
x_{2} = .877,.929,.929,.907,.907,.877
y_{2} = .789,.789,.736,.736,.750,.750
#A Tree
x_{3} = .929,.929,.885,.853,.853,.810,.810,.819,.823,.823,.818,.81,.81,.892,.892
y_{3} = .580,.534,.491,.491,.481,.481,.536,.536,.54,.546,.551,.551,.568,.568,.58
#A Top
x_{4} = .877,.877,.823,.823,.795,.773,.773,.717,.717
y_{4} = .789,.75,.75,.736,.695,.695,.75,.75,.789
#A Main
x_{5} = .772,.772,.711,.711,.717,.723,.774,.774,.827,.827,.885,.885,.929,.929
y_{5} = .580,.555,.555,.625,.63,.641,.641,.621,.621,.632,.632,.621,.621,.58
#A MainLane
x_{6} = .795,.827,.827,.795
y_{6} = .676,.676,.621,.621
#A Backsite
x_{7} = .795,.795,.823,.885,.885,.879,.879,.834,.834
y_{7} = .676,.695,.736,.736,.676,.676,.662,.662,.676
#A Lobby
x_{8} = .59,.621,.621,.63,.63,.634,.639,.639,.668,.668,.715,.715,.59
y_{8} = .263,.263,.314,.319,.323,.323,.329,.335,.335,.328,.328,.22,.22
#A Stairs
x_{9} = .723,.723,.721,.716,.716,.723,.723,.655,.655,.765,.765,.773,.773,.751,.751
y_{9} = .641,.646,.652,.657,.671,.680,.702,.702,.735,.735,.679,.679,.645,.645,.641
#A Root
x_{10} = .639,.639,.669,.675,.677,.684,.685,.688,.698,.705,.708,.708,.73,.73
y_{10} = .335,.377,.387,.390,.401,.405,.407,.41,.427,.434,.436,.457,.457,.335
#A Rubble
x_{11} = .73,.73,.853,.853
y_{11} = .335,.44,.44,.335
#A Orb
x_{12} = .73,.73,.772,.772,.802,.802,.853,.853
y_{12} = .44,.555,.555,.536,.536,.481,.481,.44
#A Cubby
x_{13} = .73,.73,.661,.661
y_{13} = .555,.466,.466,.555
#A Link
x_{14} = .661,.661,.653,.653,.555,.555,.57,.57,.653,.653
y_{14} = .555,.538,.538,.494,.494,.519,.519,.568,.568,.555
#B Pillars
x_{15} = .49,.433,.433,.49
y_{15} = .285,.285,.375,.375
#C Door
x_{16} = .328,.328,.343,.343,.419,.419
y_{16} = .408,.451,.451,.466,.466,.408
#B Heaven
x_{17} = .555,.491,.491,.513,.513,.534,.534,.555
y_{17} = .56,.56,.589,.589,.61,.61,.603,.603
#B Upper
x_{18} = .498,.498,.551,.551,.572,.572
y_{18} = .61,.661,.661,.646,.646,.61
#C Mound
x_{19} = .328,.328,.26,.224,.224,.296
y_{19} = .451,.3,.3,.335,.437,.451
#C Lobby
x_{20} = .26,.26,.224,.224,.379,.379,.318,.318
y_{20} = .3,.27,.27,.237,.164,.285,.285,.3
#A DropLane
x_{21} = .885,.885,.929,.929
y_{21} = .621,.736,.736,.621
#C Drain
x_{22} = .379,.419,.419,.455,.455,.4,.379
y_{22} = .285,.285,.206,.206,.154,.154,.164
#C Main
x_{23} = .224,.187,.187,.224,.224,.238,.311,.311,.296
y_{23} = .437,.437,.48,.48,.488,.502,.502,.451,.451
#B Lobby
x_{24} = .49,.49,.484,.484,.535,.535
y_{24} = .285,.408,.447,.47,.47,.285
#B Link
x_{25} = .627,.572,.572,.558,.558,.655,.655,.627
y_{25} = .61,.61,.661,.661,.75,.75,.702,.702
#B Main
x_{26} = .484,.49,.419,.419,.455,.455
y_{26} = .447,.408,.408,.494,.494,.447
#C Hall
x_{27} = .097,.097,.265,.265
y_{27} = .64,.693,.693,.64
#C Bend
x_{28} = .057,.115,.115,.093,.093,.107,.107,.093,.093,.085,.07,.063,.06,.057
y_{28} = .553,.553,.509,.509,.491,.491,.462,.462,.408,.408,.416,.424,.43,.44
#C Site
x_{29} = .115,.115,.151,.151,.165,.165
y_{29} = .491,.589,.589,.56,.56,.491
#C Boxes
x_{30} = .187,.187,.16,.16
y_{30} = .437,.408,.408,.437
#C FrontSite
x_{31} = .16,.093,.093,.107,.107,.165,.165,.187,.187,.16
y_{31} = .408,.408,.462,.462,.491,.491,.524,.524,.437,.437
#C Backsite
x_{32} = .115,.115,.147,.147,.216,.216,.165,.165
y_{32} = .589,.64,.64,.625,.625,.524,.524,.589
#C Waterfall
x_{33} = .216,.216,.294,.294,.336,.336,.279,.279
y_{33} = .524,.563,.563,.58,.58,.509,.509,.524
#Gravel
x_{34} = .265,.229,.229,.404,.404,.265
y_{34} = .693,.693,.769,.769,.708,.708
#GravelTwo
x_{35} = .404,.457,.457,.506,.506,.404
y_{35} = .769,.769,.79,.79,.708,.708
#Defender Spawn
x_{36} = .457,.464,.477,.49,.518,.717,.717,.558,.558
y_{36} = .79,.8,.846,.87,.88,.88,.75,.75,.79
#B Cubby
x_{37} = .419,.39,.39,.419
y_{37} = .494,.494,.589,.589
#C Link
x_{38} = .294,.294,.372,.372,.404,.404,.419,.419,.336,.336
y_{38} = .58,.653,.653,.708,.708,.642,.617,.596,.596,.58
#B Backsite
x_{39} = .404,.491,.491,.483,.448,.448,.419
y_{39} = .642,.642,.584,.584,.589,.617,.617
#B Pool
x_{40} = .483,.491,.491,.541,.544,.544,.543,.46,.46,.465,.473,.477
y_{40} = .584,.584,.56,.56,.551,.544,.541,.541,.556,.568,.578,.582
#B Default
x_{41} = .483,.477,.473,.465,.46,.46,.455,.419,.419,.448
y_{41} = .584,.582,.578,.568,.556,.541,.494,.494,.589,.589
#B Front
x_{42} = .544,.544,.541,.555,.555,.455,.46,.543
y_{42} = .544,.551,.56,.56,.494,.494,.541,.541