#B Lobby
x_{1} = .406,.406,.343,.343,.316,.297,.297,.308,.297,.322,.333,.344,.344
y_{1} = .344,.219,.219,.216,.216,.235,.265,.277,.287,.312,.301,.312,.406
#Attacker Spawn
x_{2} = .469,.469,.406,.406,.531,.531,.549,.549,.61,.656,.656,.734,.734,.609,.609
y_{2} = .014,.219,.219,.281,.281,.161,.161,.172,.172,.218,.281,.281,.219,.094,.014
#A Lobby
x_{3} = .656,.656,.734,.734,.766,.766,.703,.703
y_{3} = .281,.441,.441,.406,.406,.344,.344,.281
#Mid Bottom
x_{4} = .406,.344,.47,.47,.531,.531
y_{4} = .344,.406,.406,.438,.438,.344
#Mid TilesBot
x_{5} = .531,.531,.563,.563,.547,.547,.594,.594,.656,.656,.625,.625,.599
y_{5} = .344,.383,.383,.406,.406,.453,.453,.437,.437,.407,.407,.373,.344
#Mid TilesTop
x_{6} = .594,.547,.547,.563,.563,.531,.531,.555,.609,.609,.594
y_{6} = .453,.453,.5,.5,.524,.524,.586,.562,.562,.469,.469
#Mid Courtyard
x_{7} = .531,.531,.438,.406,.406,.408
y_{7} = .586,.438,.438,.469,.562,.562
#Mid CourtyardTop
x_{8} = .531,.408,.408,.406,.406,.531
y_{8} = .586,.562,.572,.572,.625,.625
#A Orb
x_{9} = .766,.766,.734,.718,.73,.859,.859,.828,.828
y_{9} = .344,.469,.469,.52,.531,.531,.5,.5,.344
# A ElbowRat
x_{10} = .859,.89,.89,.872,.859
y_{10} = .5,.5,.469,.469,.482
#A ElbowBot
x_{11} = .89,.89,.859,.859,.906,.906,.937,.937,.969,.969
y_{11} = .469,.5,.5,.531,.531,.61,.61,.594,.594,.469
#A ElbowTop
x_{12} = .937,.906,.906,.875,.875,.906,.906,.969,.969,.937
y_{12} = .61,.61,.66,.66,.715,.715,.719,.719,.625,.625
#A Main
x_{13} = .73,.718,.734,.734,.672,.672,.687,.687,.719,.719,.734,.734,.757,.757,.73,.725,.721,.719,.719
y_{13} = .531,.52,.469,.465,.465,.594,.594,.657,.657,.648,.648,.625,.625,.563,.563,.56,.556,.552,.542
#A Site
x_{14} = .757,.757,.766,.766,.875,.875,.854,.825,.825
y_{14} = .563,.625,.625,.68,.68,.611,.611,.584,.563
#A Safe
x_{15} = .825,.825,.854,.875,.875
y_{15} = .563,.584,.611,.611,.563
#A Boost
x_{16} = .766,.766,.781,.781,.812,.812
y_{16} = .68,.687,.687,.695,.695,.68
#A Backsite
x_{17} = .875,.812,.812,.781,.781,.785,.785,.84,.84,.851,.851,.87,.875
y_{17} = .68,.68,.695,.695,.75,.75,.781,.781,.75,.75,.745,.726,.726
#A Alley
x_{18} = .875,.656,.656,.667,.847,.859,.872,.875
y_{18} = .781,.781,.833,.844,.844,.84,.827,.814
#A Link
x_{19} = .719,.687,.687,.672,.672,.594,.594,.633,.633,.703,.734,.734,.719
y_{19} = .657,.657,.594,.594,.688,.688,.781,.781,.75,.75,.719,.664,.664
#Defender Spawn
x_{20} = .667,.656,.656,.594,.594,.562,.562,.438,.438,.406,.406,.375,.375,.344,.344,.354,.388,.395,.426,.448,.461,.494,.526,.566,.656,.656
y_{20} = .844,.833,.781,.781,.86,.86,.828,.828,.86,.86,.75,.75,.797,.797,.901,.929,.959,.973,.978,.978,.99,.987,.975,.967,.967,.854
#Mid Top
x_{21} = .594,.531,.531,.523,.523,.477,.477,.406,.406,.438,.438,.594
y_{21} = .688,.688,.656,.656,.625,.625,.656,.656,.719,.719,.734,.734
#B Link
x_{22} = .406,.406,.344,.344,.281,.281
y_{22} = .75,.656,.656,.719,.719,.75
#B Boba
x_{23} = .281,.281,.25,.25,.195,.195,.148,.148,.125,.125,.127,.137,.151
y_{23} = .75,.593,.593,.672,.672,.656,.656,.672,.672,.722,.731,.743,.75
#B Market
x_{24} = .406,.406,.359,.359,.234,.234,.25,.25,.281,.312
y_{24} = .562,.531,.531,.469,.469,.51,.51,.593,.593,.562
#B FrontSite
x_{25} = .234,.2,.193,.168,.175,.149,.07,.07,.044,.044,.078,.078,.109,.109,.172,.172,.234
y_{25} = .469,.469,.481,.468,.455,.442,.442,.472,.472,.531,.531,.563,.563,.531,.531,.563,.563
#B Backsite
x_{26} = .234,.172,.172,.109,.109,.048,.048,.078,.234
y_{26} = .563,.563,.594,.594,.563,.563,.626,.656,.656
#B TripBox
x_{27} = .07,.044,.044,.07
y_{27} = .442,.442,.472,.472
#B Main
x_{28} = .328,.291,.234,.234,.203,.203,.328
y_{28} = .318,.281,.281,.36,.36,.406,.406
#B Orb
x_{29} = .203,.203,.049,.049,.082,.082,.137,.137
y_{29} = .406,.328,.328,.406,.406,.442,.442,.406