#Attacker Spawn
x_{1} = .628,.439,.439,.416,.437,.459,.482,.482,.634,.643,.69,.698,.765,.699,.628
y_{1} = .04,.04,.125,.148,.169,.146,.168,.239,.239,.223,.223,.238,.238,.171,.171
#Mid Shops
x_{2} = .416,.33,.33,.368,.368,.436,.452,.458,.458,.429,.429,.448,.448
y_{2} = .148,.148,.192,.192,.388,.388,.372,.372,.347,.347,.28,.28,.18
#B Club
x_{3} = .33,.234,.234,.33
y_{3} = .148,.148,.298,.298
#B Ramp
x_{4} = .234,.234,.182,.182,.039,.039
y_{4} = .298,.253,.253,.222,.222,.298
#Mid Top
x_{5} = .564,.604,.604,.677,.677,.655,.655,.562,.562,.564
y_{5} = .304,.304,.294,.294,.223,.223,.249,.249,.294,.294
#Mid Plaza
x_{6} = .604,.507,.464,.458,.458,.492,.507,.526,.526,.56,.56,.604,.604,.636,.636,.604
y_{6} = .304,.304,.347,.347,.45,.45,.464,.464,.442,.442,.493,.493,.413,.413,.327,.327
#A Restaurant
x_{7} = .765,.698,.698,.819,.839,.839,.784,.784
y_{7} = .238,.238,.429,.429,.392,.376,.376,.256
#A Main
x_{8} = .839,.819,.896,.896,.968,.993,.993,.936,.864,.864
y_{8} = .392,.429,.448,.466,.528,.503,.457,.376,.376,.392
#A Entrance
x_{9} = .968,.896,.783,.783,.807,.807,.85,.85,.868,.868,.939
y_{9} = .528,.466,.505,.534,.534,.582,.582,.534,.534,.558,.558
#A Frontsite
x_{10} = .798,.798,.782,.782,.813,.813,.827,.827,.89,.89,.921,.921,.85,.85
y_{10} = .582,.626,.626,.671,.671,.669,.669,.683,.683,.659,.659,.583,.583,.582
#A Backsite
x_{11} = .89,.827,.827,.813,.813,.782,.782,.789,.868,.885,.885,.89
y_{11} = .683,.683,.669,.669,.671,.671,.718,.755,.755,.732,.718,.718
#A Dugout
x_{12} = .89,.885,.885,.868,.868,.9,.936,.936,.89
y_{12} = .718,.718,.732,.755,.773,.8,.764,.665,.665
#A Secret
x_{13} = .9,.868,.841,.794,.794,.78,.753,.753,.808
y_{13} = .8,.773,.773,.82,.841,.862,.862,.892,.892
#A Flowers
x_{14} = .789,.782,.773,.75,.76,.748,.737,.716,.716,.707,.7,.63,.63,.658,.753,.753,.754,.774,.764
y_{14} = .755,.718,.718,.741,.752,.764,.754,.775,.816,.816,.812,.812,.831,.852,.852,.81,.81,.79,.78
#Defender Spawn
x_{15} = .753,.753,.658,.63,.563,.563,.555,.555,.487,.487,.513,.513,.516,.522,.524,.535,.538,.548,.559,.58,.585,.588,.604,.615,.618,.62,.624,.628,.628
y_{15} = .892,.852,.852,.831,.831,.773,.773,.749,.749,.802,.802,.914,.925,.937,.94,.95,.953,.958,.962,.962,.961,.96,.951,.94,.936,.932,.924,.909,.892
#Water
x_{16} = .62,.62,.587,.587,.591,.591,.543,.566,.566,.601,.601,.573,.573
y_{16} = .831,.749,.749,.737,.725,.673,.673,.748,.766,.766,.776,.776,.831
#A Link
x_{17} = .782,.782,.726,.726,.628,.621,.621,.659,.659,.685,.724
y_{17} = .671,.626,.626,.558,.558,.565,.587,.587,.69,.69,.671
#Mid Connector
x_{18} = .621,.621,.628,.575,.575,.569,.569,.541,.477,.442,.442,.444,.543,.591,.604,.604
y_{18} = .587,.565,.558,.558,.628,.628,.612,.612,.581,.581,.643,.644,.673,.673,.645,.587
#A Art
x_{19} = .726,.726,.745,.745,.614,.614,.604,.604,.66,.66,.677,.677
y_{19} = .558,.509,.49,.442,.442,.453,.453,.493,.493,.54,.54,.558
#Mid Door
x_{20} = .442,.464,.464,.526,.526,.507,.506,.494,.493,.386,.372,.372,.442
y_{20} = .581,.581,.536,.536,.464,.464,.466,.47,.472,.472,.509,.536,.536
#B Link
x_{21} = .372,.386,.386,.325,.29,.214,.214,.23,.23,.257,.257
y_{21} = .509,.472,.44,.44,.464,.464,.52,.52,.542,.542,.509
#B Backsite
x_{22} = .257,.189,.189,.168,.168,.266,.266,.257,.257,.208,.208,.257
y_{22} = .542,.542,.556,.646,.661,.661,.623,.623,.613,.613,.594,.594
#B Heaven
x_{23} = .257,.208,.208,.257,.257,.266,.266,.315,.315,.306,.306,.267,.267,.257
y_{23} = .594,.594,.613,.613,.623,.623,.768,.768,.739,.739,.562,.562,.585,.585
#B Records
x_{24} = .315,.411,.487,.487,.401,.401,.364,.364,.306,.306,.315
y_{24} = .768,.802,.802,.698,.698,.718,.718,.624,.624,.661,.661
#B Hall
x_{25} = .257,.228,.228,.136,.136,.11,.11,.094,.094,.257
y_{25} = .661,.661,.694,.694,.661,.661,.67,.67,.724,.724
#B Frontsite
x_{26} = .168,.168,.189,.189,.136,.09,.09
y_{26} = .661,.646,.556,.542,.542,.572,.661
#B Screen
x_{27} = .09,.09,.044,.044
y_{27} = .661,.572,.572,.661
#B Long
x_{28} = .044,.09,.136,.136,.144,.144,.136,.136,.044
y_{28} = .572,.572,.542,.481,.481,.433,.433,.298,.298
#B Cubby
x_{29} = .044,.044,.005,.005
y_{29} = .466,.401,.401,.427
